{
  "nbformat": 4,
  "nbformat_minor": 0,
  "metadata": {
    "colab": {
      "provenance": [],
      "authorship_tag": "ABX9TyPCAVZ1+DUL0WNwzvuFOYFd",
      "include_colab_link": true
    },
    "kernelspec": {
      "name": "python3",
      "display_name": "Python 3"
    },
    "language_info": {
      "name": "python"
    }
  },
  "cells": [
    {
      "cell_type": "markdown",
      "metadata": {
        "id": "view-in-github",
        "colab_type": "text"
      },
      "source": [
        "<a href=\"https://colab.research.google.com/github/Sanjid9633/FMMLlab/blob/main/mod3lab1.ipynb\" target=\"_parent\"><img src=\"https://colab.research.google.com/assets/colab-badge.svg\" alt=\"Open In Colab\"/></a>"
      ]
    },
    {
      "cell_type": "markdown",
      "source": [
        "Section 1: distance matrics"
      ],
      "metadata": {
        "id": "2kpAfRlSg9ul"
      }
    },
    {
      "cell_type": "code",
      "source": [
        "import numpy as np\n",
        "import pandas as pd\n",
        "import math\n",
        "from scipy.spatial import distance\n",
        "import matplotlib.pyplot as plt"
      ],
      "metadata": {
        "id": "EvxDHGgMhMi9"
      },
      "execution_count": 1,
      "outputs": []
    },
    {
      "cell_type": "markdown",
      "source": [
        "i. euclidean distance"
      ],
      "metadata": {
        "id": "qC4VMprBiHwf"
      }
    },
    {
      "cell_type": "markdown",
      "source": [
        "in 2D"
      ],
      "metadata": {
        "id": "lMU2MLQaii1c"
      }
    },
    {
      "cell_type": "code",
      "source": [
        "x_1 = np.array((10, 19))\n",
        "x_2 = np.array((36, 56))\n",
        "sumv = 0\n",
        "for i in range(len(x_1)):\n",
        "  sumv += ((x_1[i]-x_2[i])**2)\n",
        "dist = math.sqrt(sumv)\n",
        "print(dist)"
      ],
      "metadata": {
        "colab": {
          "base_uri": "https://localhost:8080/"
        },
        "id": "dG1bQZ6linzq",
        "outputId": "41ece153-4524-4f4d-9fba-63700249ac31"
      },
      "execution_count": 2,
      "outputs": [
        {
          "output_type": "stream",
          "name": "stdout",
          "text": [
            "45.221676218380054\n"
          ]
        }
      ]
    },
    {
      "cell_type": "markdown",
      "source": [
        "vectorised"
      ],
      "metadata": {
        "id": "hLJXXaHHnuJZ"
      }
    },
    {
      "cell_type": "code",
      "source": [
        "euclidean_dist = np.sqrt(np.sum((x_1-x_2)**2))\n",
        "print(euclidean_dist)"
      ],
      "metadata": {
        "colab": {
          "base_uri": "https://localhost:8080/"
        },
        "id": "-YBYPkEVnpoQ",
        "outputId": "4dc5525d-59dc-4a08-9f8b-ce762dc27371"
      },
      "execution_count": 3,
      "outputs": [
        {
          "output_type": "stream",
          "name": "stdout",
          "text": [
            "45.221676218380054\n"
          ]
        }
      ]
    },
    {
      "cell_type": "markdown",
      "source": [
        "3D"
      ],
      "metadata": {
        "id": "aNLc3K-toHcN"
      }
    },
    {
      "cell_type": "code",
      "source": [
        "plotx = np.linspace(-5,10,20)\n",
        "meshx, meshy = np.meshgrid(plotx,plotx)\n",
        "tempeuclid = np.sqrt((meshx**2 + meshy**2))\n",
        "import plotly.graph_objects as go\n",
        "\n",
        "fig = go.Figure(data=[go.Surface(z=tempeuclid, x=plotx, y=plotx)])\n",
        "fig.update_layout(title='Euclidean Distance from origin', autosize=False,\n",
        "                  width=1000, height=1000,\n",
        "                  margin=dict(l=65, r=50, b=65, t=90))\n",
        "fig.show()"
      ],
      "metadata": {
        "colab": {
          "base_uri": "https://localhost:8080/",
          "height": 1000
        },
        "id": "KkypOSuLoIyp",
        "outputId": "7f383f10-5448-4bb1-8333-d4039aa2f8bc"
      },
      "execution_count": 7,
      "outputs": [
        {
          "output_type": "display_data",
          "data": {
            "text/html": [
              "<html>\n",
              "<head><meta charset=\"utf-8\" /></head>\n",
              "<body>\n",
              "    <div>            <script src=\"https://cdnjs.cloudflare.com/ajax/libs/mathjax/2.7.5/MathJax.js?config=TeX-AMS-MML_SVG\"></script><script type=\"text/javascript\">if (window.MathJax && window.MathJax.Hub && window.MathJax.Hub.Config) {window.MathJax.Hub.Config({SVG: {font: \"STIX-Web\"}});}</script>                <script type=\"text/javascript\">window.PlotlyConfig = {MathJaxConfig: 'local'};</script>\n",
              "        <script charset=\"utf-8\" src=\"https://cdn.plot.ly/plotly-2.24.1.min.js\"></script>                <div id=\"45871ea8-27de-4811-90d5-b89b511484f7\" class=\"plotly-graph-div\" style=\"height:1000px; width:1000px;\"></div>            <script type=\"text/javascript\">                                    window.PLOTLYENV=window.PLOTLYENV || {};                                    if (document.getElementById(\"45871ea8-27de-4811-90d5-b89b511484f7\")) {                    Plotly.newPlot(                        \"45871ea8-27de-4811-90d5-b89b511484f7\",                        [{\"x\":[-5.0,-4.2105263157894735,-3.4210526315789473,-2.6315789473684212,-1.8421052631578947,-1.0526315789473681,-0.2631578947368425,0.5263157894736841,1.3157894736842106,2.105263157894737,2.8947368421052637,3.6842105263157894,4.473684210526315,5.2631578947368425,6.052631578947368,6.842105263157896,7.631578947368421,8.421052631578947,9.210526315789474,10.0],\"y\":[-5.0,-4.2105263157894735,-3.4210526315789473,-2.6315789473684212,-1.8421052631578947,-1.0526315789473681,-0.2631578947368425,0.5263157894736841,1.3157894736842106,2.105263157894737,2.8947368421052637,3.6842105263157894,4.473684210526315,5.2631578947368425,6.052631578947368,6.842105263157896,7.631578947368421,8.421052631578947,9.210526315789474,10.0],\"z\":[[7.0710678118654755,6.536706499144326,6.058349701695441,5.650239619364181,5.328541245083312,5.109602062880947,5.00692041853696,5.027624519616526,5.170232290628553,5.425138981075869,5.777499578973723,6.2107493269504985,6.709236202095769,7.2595338021756435,7.850754679040156,8.474337993739274,9.123650433347219,9.793575824172839,10.480161974599936,11.180339887498949],[6.536706499144326,5.954583420518294,5.425138981075869,4.965253227398212,4.595855051729731,4.340111184860695,4.21874198470563,4.243293551736079,4.4113301616421605,4.707511531578504,5.109602062880947,5.594813585649815,6.143482910488816,6.740130776245104,7.373118803222051,8.033861853933553,8.716050085094313,9.415023063157008,10.127306002575715,10.850277962151738],[6.058349701695441,5.425138981075869,4.838099029171114,4.316110386014928,3.885479752693,3.5793343444040637,3.4311591606329728,3.4613016942015538,3.665365336101084,4.016930926966776,4.481417464717474,5.027624519616526,5.631824883955972,6.277294969408717,6.952549901906792,7.649706238815071,8.363288727405633,9.089429494300285,9.82534458031288,10.568992435801686],[5.650239619364181,4.965253227398212,4.316110386014928,3.7216146378239348,3.2122514778246587,2.834297266912897,2.644704110821287,2.683694480838308,2.942194707236566,3.370065388122552,3.912123354557502,4.527539614232961,5.190284979820005,5.884389414473132,6.599966423149711,7.330730672202169,8.072558763251562,8.822660323284321,9.57909195957963,10.340464581257105],[5.328541245083312,4.595855051729731,3.885479752693,3.2122514778246587,2.605130246476754,2.1216467758680393,1.8608073189119672,1.9158183919159257,2.2637698071164807,2.797406792824908,3.431159160632973,4.119072590131191,4.838099029171114,5.576215815899235,6.3267448843006875,7.085743167282243,7.850754679040157,8.62017860745221,9.392930682934079,10.168252150716661],[5.109602062880947,4.340111184860695,3.5793343444040637,2.834297266912897,2.1216467758680393,1.4886458551295734,1.0850277962151738,1.1768778828946258,1.6850326940612759,2.3537557657892525,3.0801841870314806,3.8316367838318515,4.595855051729731,5.367388961676616,6.1434829104888165,6.922603388403109,7.703832193844446,8.486587103472157,9.270481554636072,10.055249039233052],[5.00692041853696,4.21874198470563,3.4311591606329728,2.644704110821287,1.8608073189119672,1.0850277962151738,0.37216146378239395,0.5884389414473131,1.3418472404191542,2.1216467758680397,2.906673951891385,3.693597065162684,4.481417464717473,5.269732735394944,6.05834970169544,6.847164121714573,7.636114804498373,8.42516347030638,9.214284947374525,10.003462004604323],[5.027624519616526,4.243293551736079,3.4613016942015538,2.683694480838308,1.9158183919159257,1.1768778828946258,0.5884389414473131,0.7443229275647867,1.4171486334564485,2.170055592430348,2.942194707236566,3.7216146378239343,4.504537570690444,5.289408221642574,6.0754717792711554,6.862318321265946,7.64970623881507,8.43748396941126,9.225551654188477,10.01384083707392],[5.170232290628553,4.4113301616421605,3.665365336101084,2.942194707236566,2.2637698071164807,1.6850326940612759,1.3418472404191542,1.4171486334564485,1.8608073189119674,2.4826266136991064,3.1797489404196244,3.9121233545575014,4.663169775439302,5.42513898107587,6.194001208389378,6.967474892038804,7.7441784050327165,8.523228810895603,9.304036594559836,10.086193629861473],[5.425138981075869,4.707511531578504,4.016930926966776,3.370065388122552,2.797406792824908,2.3537557657892525,2.1216467758680397,2.170055592430348,2.4826266136991064,2.977291710259148,3.5793343444040646,4.243293551736079,4.9442879547515615,5.668594533825795,6.408313506255747,7.158668688808129,7.91663629289017,8.68022236972139,9.448064774219075,10.219204125761895],[5.777499578973723,5.109602062880947,4.481417464717474,3.912123354557502,3.431159160632973,3.0801841870314806,2.906673951891385,2.942194707236566,3.1797489404196244,3.5793343444040646,4.093776101606329,4.685393109148646,5.328541245083312,6.006690637112278,6.709236202095769,7.429260112364792,8.162138115405696,8.904697008257173,9.654703330444287,10.410547602553939],[6.2107493269504985,5.594813585649815,5.027624519616526,4.527539614232961,4.119072590131191,3.8316367838318515,3.693597065162684,3.7216146378239343,3.9121233545575014,4.243293551736079,4.685393109148646,5.210260492953508,5.79545145935401,6.424502955649317,7.085743167282242,7.770959505386001,8.474337993739272,9.191710103459462,9.92004043419514,10.657082490166625],[6.709236202095769,6.143482910488816,5.631824883955972,5.190284979820005,4.838099029171114,4.595855051729731,4.481417464717473,4.504537570690444,4.663169775439302,4.9442879547515615,5.328541245083312,5.79545145935401,6.3267448843006875,6.907581446529836,7.526499813723731,8.17485503526793,8.846177007353479,9.535616279996546,10.239513925444063,10.955083313946655],[7.2595338021756435,6.740130776245104,6.277294969408717,5.884389414473132,5.576215815899235,5.367388961676616,5.269732735394944,5.289408221642574,5.42513898107587,5.668594533825795,6.006690637112278,6.424502955649317,6.907581446529836,7.4432292756478695,8.020921396909564,8.632220772029855,9.270481554636072,9.930506454796424,10.608233879340197,11.300479238728363],[7.850754679040156,7.373118803222051,6.952549901906792,6.599966423149711,6.3267448843006875,6.1434829104888165,6.05834970169544,6.0754717792711554,6.194001208389378,6.408313506255747,6.709236202095769,7.085743167282242,7.526499813723731,8.020921396909564,8.559713666995048,9.135028925110412,9.74039764385355,10.370558155388437,11.021258732301014,11.689069639217267],[8.474337993739274,8.033861853933553,7.649706238815071,7.330730672202169,7.085743167282243,6.922603388403109,6.847164121714573,6.862318321265946,6.967474892038804,7.158668688808129,7.429260112364792,7.770959505386001,8.17485503526793,8.632220772029855,9.135028925110412,9.67619805834223,10.249653733763394,10.850277962151738,11.473804924521918,12.116699403390882],[9.123650433347219,8.716050085094313,8.363288727405633,8.072558763251562,7.850754679040157,7.703832193844446,7.636114804498373,7.64970623881507,7.7441784050327165,7.91663629289017,8.162138115405696,8.474337993739272,8.846177007353479,9.270481554636072,9.74039764385355,10.249653733763394,10.79268244968941,11.364643621941676,11.961387555119487,12.57938779233381],[9.793575824172839,9.415023063157008,9.089429494300285,8.822660323284321,8.62017860745221,8.486587103472157,8.42516347030638,8.43748396941126,8.523228810895603,8.68022236972139,8.904697008257173,9.191710103459462,9.535616279996546,9.930506454796424,10.370558155388437,10.850277962151738,11.364643621941676,11.909166841036589,12.47990073829408,13.073412998288653],[10.480161974599936,10.127306002575715,9.82534458031288,9.57909195957963,9.392930682934079,9.270481554636072,9.214284947374525,9.225551654188477,9.304036594559836,9.448064774219075,9.654703330444287,9.92004043419514,10.239513925444063,10.608233879340197,11.021258732301014,11.473804924521918,11.961387555119487,12.47990073829408,13.02565123238377,13.595359319041568],[11.180339887498949,10.850277962151738,10.568992435801686,10.340464581257105,10.168252150716661,10.055249039233052,10.003462004604323,10.01384083707392,10.086193629861473,10.219204125761895,10.410547602553939,10.657082490166625,10.955083313946655,11.300479238728363,11.689069639217267,12.116699403390882,12.57938779233381,13.073412998288653,13.595359319041568,14.142135623730951]],\"type\":\"surface\"}],                        {\"template\":{\"data\":{\"histogram2dcontour\":[{\"type\":\"histogram2dcontour\",\"colorbar\":{\"outlinewidth\":0,\"ticks\":\"\"},\"colorscale\":[[0.0,\"#0d0887\"],[0.1111111111111111,\"#46039f\"],[0.2222222222222222,\"#7201a8\"],[0.3333333333333333,\"#9c179e\"],[0.4444444444444444,\"#bd3786\"],[0.5555555555555556,\"#d8576b\"],[0.6666666666666666,\"#ed7953\"],[0.7777777777777778,\"#fb9f3a\"],[0.8888888888888888,\"#fdca26\"],[1.0,\"#f0f921\"]]}],\"choropleth\":[{\"type\":\"choropleth\",\"colorbar\":{\"outlinewidth\":0,\"ticks\":\"\"}}],\"histogram2d\":[{\"type\":\"histogram2d\",\"colorbar\":{\"outlinewidth\":0,\"ticks\":\"\"},\"colorscale\":[[0.0,\"#0d0887\"],[0.1111111111111111,\"#46039f\"],[0.2222222222222222,\"#7201a8\"],[0.3333333333333333,\"#9c179e\"],[0.4444444444444444,\"#bd3786\"],[0.5555555555555556,\"#d8576b\"],[0.6666666666666666,\"#ed7953\"],[0.7777777777777778,\"#fb9f3a\"],[0.8888888888888888,\"#fdca26\"],[1.0,\"#f0f921\"]]}],\"heatmap\":[{\"type\":\"heatmap\",\"colorbar\":{\"outlinewidth\":0,\"ticks\":\"\"},\"colorscale\":[[0.0,\"#0d0887\"],[0.1111111111111111,\"#46039f\"],[0.2222222222222222,\"#7201a8\"],[0.3333333333333333,\"#9c179e\"],[0.4444444444444444,\"#bd3786\"],[0.5555555555555556,\"#d8576b\"],[0.6666666666666666,\"#ed7953\"],[0.7777777777777778,\"#fb9f3a\"],[0.8888888888888888,\"#fdca26\"],[1.0,\"#f0f921\"]]}],\"heatmapgl\":[{\"type\":\"heatmapgl\",\"colorbar\":{\"outlinewidth\":0,\"ticks\":\"\"},\"colorscale\":[[0.0,\"#0d0887\"],[0.1111111111111111,\"#46039f\"],[0.2222222222222222,\"#7201a8\"],[0.3333333333333333,\"#9c179e\"],[0.4444444444444444,\"#bd3786\"],[0.5555555555555556,\"#d8576b\"],[0.6666666666666666,\"#ed7953\"],[0.7777777777777778,\"#fb9f3a\"],[0.8888888888888888,\"#fdca26\"],[1.0,\"#f0f921\"]]}],\"contourcarpet\":[{\"type\":\"contourcarpet\",\"colorbar\":{\"outlinewidth\":0,\"ticks\":\"\"}}],\"contour\":[{\"type\":\"contour\",\"colorbar\":{\"outlinewidth\":0,\"ticks\":\"\"},\"colorscale\":[[0.0,\"#0d0887\"],[0.1111111111111111,\"#46039f\"],[0.2222222222222222,\"#7201a8\"],[0.3333333333333333,\"#9c179e\"],[0.4444444444444444,\"#bd3786\"],[0.5555555555555556,\"#d8576b\"],[0.6666666666666666,\"#ed7953\"],[0.7777777777777778,\"#fb9f3a\"],[0.8888888888888888,\"#fdca26\"],[1.0,\"#f0f921\"]]}],\"surface\":[{\"type\":\"surface\",\"colorbar\":{\"outlinewidth\":0,\"ticks\":\"\"},\"colorscale\":[[0.0,\"#0d0887\"],[0.1111111111111111,\"#46039f\"],[0.2222222222222222,\"#7201a8\"],[0.3333333333333333,\"#9c179e\"],[0.4444444444444444,\"#bd3786\"],[0.5555555555555556,\"#d8576b\"],[0.6666666666666666,\"#ed7953\"],[0.7777777777777778,\"#fb9f3a\"],[0.8888888888888888,\"#fdca26\"],[1.0,\"#f0f921\"]]}],\"mesh3d\":[{\"type\":\"mesh3d\",\"colorbar\":{\"outlinewidth\":0,\"ticks\":\"\"}}],\"scatter\":[{\"fillpattern\":{\"fillmode\":\"overlay\",\"size\":10,\"solidity\":0.2},\"type\":\"scatter\"}],\"parcoords\":[{\"type\":\"parcoords\",\"line\":{\"colorbar\":{\"outlinewidth\":0,\"ticks\":\"\"}}}],\"scatterpolargl\":[{\"type\":\"scatterpolargl\",\"marker\":{\"colorbar\":{\"outlinewidth\":0,\"ticks\":\"\"}}}],\"bar\":[{\"error_x\":{\"color\":\"#2a3f5f\"},\"error_y\":{\"color\":\"#2a3f5f\"},\"marker\":{\"line\":{\"color\":\"#E5ECF6\",\"width\":0.5},\"pattern\":{\"fillmode\":\"overlay\",\"size\":10,\"solidity\":0.2}},\"type\":\"bar\"}],\"scattergeo\":[{\"type\":\"scattergeo\",\"marker\":{\"colorbar\":{\"outlinewidth\":0,\"ticks\":\"\"}}}],\"scatterpolar\":[{\"type\":\"scatterpolar\",\"marker\":{\"colorbar\":{\"outlinewidth\":0,\"ticks\":\"\"}}}],\"histogram\":[{\"marker\":{\"pattern\":{\"fillmode\":\"overlay\",\"size\":10,\"solidity\":0.2}},\"type\":\"histogram\"}],\"scattergl\":[{\"type\":\"scattergl\",\"marker\":{\"colorbar\":{\"outlinewidth\":0,\"ticks\":\"\"}}}],\"scatter3d\":[{\"type\":\"scatter3d\",\"line\":{\"colorbar\":{\"outlinewidth\":0,\"ticks\":\"\"}},\"marker\":{\"colorbar\":{\"outlinewidth\":0,\"ticks\":\"\"}}}],\"scattermapbox\":[{\"type\":\"scattermapbox\",\"marker\":{\"colorbar\":{\"outlinewidth\":0,\"ticks\":\"\"}}}],\"scatterternary\":[{\"type\":\"scatterternary\",\"marker\":{\"colorbar\":{\"outlinewidth\":0,\"ticks\":\"\"}}}],\"scattercarpet\":[{\"type\":\"scattercarpet\",\"marker\":{\"colorbar\":{\"outlinewidth\":0,\"ticks\":\"\"}}}],\"carpet\":[{\"aaxis\":{\"endlinecolor\":\"#2a3f5f\",\"gridcolor\":\"white\",\"linecolor\":\"white\",\"minorgridcolor\":\"white\",\"startlinecolor\":\"#2a3f5f\"},\"baxis\":{\"endlinecolor\":\"#2a3f5f\",\"gridcolor\":\"white\",\"linecolor\":\"white\",\"minorgridcolor\":\"white\",\"startlinecolor\":\"#2a3f5f\"},\"type\":\"carpet\"}],\"table\":[{\"cells\":{\"fill\":{\"color\":\"#EBF0F8\"},\"line\":{\"color\":\"white\"}},\"header\":{\"fill\":{\"color\":\"#C8D4E3\"},\"line\":{\"color\":\"white\"}},\"type\":\"table\"}],\"barpolar\":[{\"marker\":{\"line\":{\"color\":\"#E5ECF6\",\"width\":0.5},\"pattern\":{\"fillmode\":\"overlay\",\"size\":10,\"solidity\":0.2}},\"type\":\"barpolar\"}],\"pie\":[{\"automargin\":true,\"type\":\"pie\"}]},\"layout\":{\"autotypenumbers\":\"strict\",\"colorway\":[\"#636efa\",\"#EF553B\",\"#00cc96\",\"#ab63fa\",\"#FFA15A\",\"#19d3f3\",\"#FF6692\",\"#B6E880\",\"#FF97FF\",\"#FECB52\"],\"font\":{\"color\":\"#2a3f5f\"},\"hovermode\":\"closest\",\"hoverlabel\":{\"align\":\"left\"},\"paper_bgcolor\":\"white\",\"plot_bgcolor\":\"#E5ECF6\",\"polar\":{\"bgcolor\":\"#E5ECF6\",\"angularaxis\":{\"gridcolor\":\"white\",\"linecolor\":\"white\",\"ticks\":\"\"},\"radialaxis\":{\"gridcolor\":\"white\",\"linecolor\":\"white\",\"ticks\":\"\"}},\"ternary\":{\"bgcolor\":\"#E5ECF6\",\"aaxis\":{\"gridcolor\":\"white\",\"linecolor\":\"white\",\"ticks\":\"\"},\"baxis\":{\"gridcolor\":\"white\",\"linecolor\":\"white\",\"ticks\":\"\"},\"caxis\":{\"gridcolor\":\"white\",\"linecolor\":\"white\",\"ticks\":\"\"}},\"coloraxis\":{\"colorbar\":{\"outlinewidth\":0,\"ticks\":\"\"}},\"colorscale\":{\"sequential\":[[0.0,\"#0d0887\"],[0.1111111111111111,\"#46039f\"],[0.2222222222222222,\"#7201a8\"],[0.3333333333333333,\"#9c179e\"],[0.4444444444444444,\"#bd3786\"],[0.5555555555555556,\"#d8576b\"],[0.6666666666666666,\"#ed7953\"],[0.7777777777777778,\"#fb9f3a\"],[0.8888888888888888,\"#fdca26\"],[1.0,\"#f0f921\"]],\"sequentialminus\":[[0.0,\"#0d0887\"],[0.1111111111111111,\"#46039f\"],[0.2222222222222222,\"#7201a8\"],[0.3333333333333333,\"#9c179e\"],[0.4444444444444444,\"#bd3786\"],[0.5555555555555556,\"#d8576b\"],[0.6666666666666666,\"#ed7953\"],[0.7777777777777778,\"#fb9f3a\"],[0.8888888888888888,\"#fdca26\"],[1.0,\"#f0f921\"]],\"diverging\":[[0,\"#8e0152\"],[0.1,\"#c51b7d\"],[0.2,\"#de77ae\"],[0.3,\"#f1b6da\"],[0.4,\"#fde0ef\"],[0.5,\"#f7f7f7\"],[0.6,\"#e6f5d0\"],[0.7,\"#b8e186\"],[0.8,\"#7fbc41\"],[0.9,\"#4d9221\"],[1,\"#276419\"]]},\"xaxis\":{\"gridcolor\":\"white\",\"linecolor\":\"white\",\"ticks\":\"\",\"title\":{\"standoff\":15},\"zerolinecolor\":\"white\",\"automargin\":true,\"zerolinewidth\":2},\"yaxis\":{\"gridcolor\":\"white\",\"linecolor\":\"white\",\"ticks\":\"\",\"title\":{\"standoff\":15},\"zerolinecolor\":\"white\",\"automargin\":true,\"zerolinewidth\":2},\"scene\":{\"xaxis\":{\"backgroundcolor\":\"#E5ECF6\",\"gridcolor\":\"white\",\"linecolor\":\"white\",\"showbackground\":true,\"ticks\":\"\",\"zerolinecolor\":\"white\",\"gridwidth\":2},\"yaxis\":{\"backgroundcolor\":\"#E5ECF6\",\"gridcolor\":\"white\",\"linecolor\":\"white\",\"showbackground\":true,\"ticks\":\"\",\"zerolinecolor\":\"white\",\"gridwidth\":2},\"zaxis\":{\"backgroundcolor\":\"#E5ECF6\",\"gridcolor\":\"white\",\"linecolor\":\"white\",\"showbackground\":true,\"ticks\":\"\",\"zerolinecolor\":\"white\",\"gridwidth\":2}},\"shapedefaults\":{\"line\":{\"color\":\"#2a3f5f\"}},\"annotationdefaults\":{\"arrowcolor\":\"#2a3f5f\",\"arrowhead\":0,\"arrowwidth\":1},\"geo\":{\"bgcolor\":\"white\",\"landcolor\":\"#E5ECF6\",\"subunitcolor\":\"white\",\"showland\":true,\"showlakes\":true,\"lakecolor\":\"white\"},\"title\":{\"x\":0.05},\"mapbox\":{\"style\":\"light\"}}},\"margin\":{\"l\":65,\"r\":50,\"b\":65,\"t\":90},\"title\":{\"text\":\"Euclidean Distance from origin\"},\"autosize\":false,\"width\":1000,\"height\":1000},                        {\"responsive\": true}                    ).then(function(){\n",
              "                            \n",
              "var gd = document.getElementById('45871ea8-27de-4811-90d5-b89b511484f7');\n",
              "var x = new MutationObserver(function (mutations, observer) {{\n",
              "        var display = window.getComputedStyle(gd).display;\n",
              "        if (!display || display === 'none') {{\n",
              "            console.log([gd, 'removed!']);\n",
              "            Plotly.purge(gd);\n",
              "            observer.disconnect();\n",
              "        }}\n",
              "}});\n",
              "\n",
              "// Listen for the removal of the full notebook cells\n",
              "var notebookContainer = gd.closest('#notebook-container');\n",
              "if (notebookContainer) {{\n",
              "    x.observe(notebookContainer, {childList: true});\n",
              "}}\n",
              "\n",
              "// Listen for the clearing of the current output cell\n",
              "var outputEl = gd.closest('.output');\n",
              "if (outputEl) {{\n",
              "    x.observe(outputEl, {childList: true});\n",
              "}}\n",
              "\n",
              "                        })                };                            </script>        </div>\n",
              "</body>\n",
              "</html>"
            ]
          },
          "metadata": {}
        }
      ]
    },
    {
      "cell_type": "markdown",
      "source": [
        "1.How are similarity and distance different from each other?\n",
        "\n",
        "ans:\n",
        "\n",
        "similarity: it is the similarities shared by the data points. it can be also interpreted as how they are both interpreteted/related to each other.\n",
        "\n",
        " Distance: it is quantifies the the similarities/disimilarities between different data points.\n",
        "\n",
        "2.Are there any conditions for a particular distance to be considered a \"distance metric\"?\n",
        "\n",
        "ans:\n",
        "\n",
        "some points are\n",
        ".distance should be non negative\n",
        ".symmetry\n",
        ".triangle property(triangular inequality)\n"
      ],
      "metadata": {
        "id": "Zyun70KA-y4p"
      }
    }
  ]
}